function dy = strict_feedback(t,y)
global K1
global K2    %global 定义一般放在开始

M=[0 0 1 0 0 0;0 0 0 1 0 0;0 0 0 0 1 0;0 0 0 0 0 1;-1 0 -2 0 -3 0;0 -1 0 -2 0 -3];
% phi=[0 0 1 0 0 0;0 0 0 1 0 0;0 0 0 0 1 0;0 0 0 0 0 1;0 0 -1 0 0 0;0 0 0 -1 0 0];%6 乘以6维  
 N=[0 0;0 0;0 0;0 0;1 0;0 1];
% psi=[1 0 0 0 0 0;0 1 0 0 0 0];%2乘以6维


A=[0 0 1 0;0 0 0 1;-1.7117 0 -0.3249 0;0 0 0 -1.0004];
B=[0 0;0 0;0.0503 0.0959;-0.1228 0.1];
C=[1 0 0 0;0 1 0 0];
D=[0 0;0 0];%系统矩阵

S=[0 1 0;-1 0 0;0 0 0];%exosystem矩阵

E=[0 0 0;0 0 0;0 0 0;0 0 1];
F=[-1 -1 0;0 0 0];




x=y(1:4);
v=y(5:7);
%z=y(8:13);

e=C*x+F*v;  %regulated output

u=-K1*e-K2*v; %controler  先给出controller, 再给出plant (顺序)



% 一般动态微分方程放在最后
 
dy = zeros(7,1); %给dy 定义大小，是一个列向量

dy(1:4)= A*x+B*u+E*v;  %plant
dy(5:7)=S*v;  %exosystem
 %dy(8:13)=M*z+N*u; 

end

